camera_matrix:
- - 637.0023580664794
  - 0.0
  - 313.5887936983327
- - 0.0
  - 638.0061567249353
  - 248.0940584563616
- - 0.0
  - 0.0
  - 1.0
dist_coeff:
- - -0.13421504751114535
  - -0.10098510550466339
  - 0.0002934169816246451
  - -0.0002844104048681992
  - -0.0972996698480571
